1
2
3
4
5
6
7
8
9
10
0
2
6
12
20
30
42
56
72
90
0
0
6
24
60
120
210
336
504
720
0
0
0
24
120
360
840
1680
3024
5040
0
0
0
0
120
720
2520
6720
15120
30240
0
0
0
0
0
720
5040
20160
60480
151200
0
0
0
0
0
0
5040
40320
181440
604800
0
0
0
0
0
0
0
40320
362880
1814400
0
0
0
0
0
0
0
0
362880
3628800
0
0
0
0
0
0
0
0
0
3628800
1
3
6
10
15
21
28
36
45
55
0
7
39
126
310
645
1197
2044
3276
4995
0
12
255
1692
6930
21480
55377
125160
256212
485460
0
12
1512
21852
151860
707040
2542932
7625352
19966392
47057220
0
0
7560
262080
3187860
22619880
114414300
457474080
537303313
517266292
0
0
30240
2882880
63756000
701205480
34176245
990782378
834507188
138936597
0
0
90720
28828800
211363993
36153453
469472688
464813045
585861386
53236027
0
0
181440
259459200
804551853
48450130
717746923
493214423
347210423
923734483
0
0
181440
75673586
677381410
356603633
427623640
618878539
333297024
901923848
0
0
0
529715102
838102490
628298028
104945481
38319407
984321887
911773601
1
4
11
24
45
76
119
176
249
340
0
20
238
1352
5180
15500
39130
87248
176952
333060
0
112
5854
83344
635540
3312800
13333922
44477664
128609544
332334480
0
560
140400
5083024
77531080
705609600
533486412
639017926
370286373
336999043
0
2240
3229200
304980480
381251017
589183757
851704248
620539660
456167029
647718083
0
6720
71042400
993848201
750112125
317671059
875469335
611347502
257669086
459529677
0
13440
491890393
643195259
263342252
710821128
32034870
335060089
265717476
672703746
0
13440
837807797
662129511
74385519
561614716
762587290
191796242
760925135
595647109
0
0
918348038
79252357
703105667
815860116
466740365
651757776
452836099
684424005
0
0
530264572
358879607
560256805
883042836
891280825
834159039
867806605
869176230
1
6
24
70
165
336
616
1044
1665
2530
0
64
1641
16386
97660
419910
1441209
4194316
10761696
25000020
0
846
128109
4146132
60745980
542947290
456027120
167350865
575230102
925246167
0
10926
9983196
48766765
781910701
17269056
487774867
714415001
528021015
281025370
0
131040
768651660
286600872
520964726
866066205
205348445
11713624
537653752
183640688
0
1441440
417253594
905368775
41750666
840700934
462120241
645734709
970212791
944331442
0
14414400
292930693
996246575
716862212
744510366
583636253
616795501
841375420
531190955
0
129729600
673605215
605939467
611646463
897179832
122233319
971922261
883122095
148748364
0
37836793
166648512
137882983
20310819
44033841
433954783
856133834
536356108
235695875
0
264857551
992160947
976266313
297042841
11265753
134436551
359829177
721915545
169878358
1
8
51
208
629
1560
3367
6560
11817
20008
0
200
11766
209520
1952516
12091704
56491722
214741856
697345128
999980065
0
5952
2834454
214119648
97657506
719758
342817087
230136796
134084080
998640625
0
172608
680267808
616139498
886581844
593932979
695467228
423262272
104727333
8284858
0
4833024
584004978
462263980
21616235
44842716
924460689
720953299
482504136
49495092
0
130491648
993183798
46992323
442353211
468268080
754519054
416652037
259858728
842731838
0
392782827
384558481
838184485
699655456
438480614
606799922
825587371
982178571
32028780
0
819570612
755800886
433615281
525696541
555866324
170880642
10965449
217009035
274614862
0
669694555
613206971
553122416
596106831
969574613
623884868
171400174
290797710
151605106
0
402974660
490430213
419248313
468872397
685966461
17939304
898260768
557130183
871080370
1
14
130
700
2635
7826
19684
43800
88725
166870
0
686
88595
2796276
40690290
362797450
306881927
453247323
71591147
666668668
0
41728
64307699
444901595
661130425
572621325
350518068
393234949
224274755
666827485
0
2541792
685213390
809624011
182229689
913530773
640469392
773332603
141103876
40356438
0
152491360
729698118
674648234
165361361
813292519
109756918
483699359
750151465
591027942
0
996927464
164355743
432405006
95955105
47569430
251307099
665019151
184023943
163708560
0
821604353
878803938
97069425
291451091
336928177
397708670
16641051
599452150
714699691
0
831071479
799366466
820907534
795156854
446630857
840333643
395787149
82768312
409229212
0
539626182
185592065
287871611
137521150
912427407
299027587
134544249
130164950
945145210
0
679439807
199035585
926362855
694767579
488359431
189510403
954259180
93437740
757632046
1
20
315
2344
11165
39996
117655
299600
683289
1428580
0
2324
682974
38345592
871919660
194840543
888892122
292054788
112501756
712757225
0
292608
492286951
177315268
977782168
484984168
72272433
593703914
887446455
3164760
0
36576000
154682227
601047820
293976194
43357603
90819707
956848126
125134442
418861833
0
535423972
671299182
162885725
706055519
94059637
977213609
99810745
254758703
425275857
0
857148101
774804876
905271106
48722981
35303937
756657492
723429940
709445019
214112436
0
572067594
849422733
530070286
190526097
458258436
878951767
955683213
304013890
61642595
0
220178391
741544983
961013062
517541265
824833091
859645684
780401314
27229579
519407148
0
421406738
826506652
549793153
770715009
875881197
303417304
444494789
321623769
304045211
0
147401472
131475456
862817361
173221609
794116345
464283218
128762644
919540065
383631686
1
36
834
8230
48915
210126
720916
2097684
5381685
12501280
0
8194
5380851
536870946
73486277
638736136
116292431
371843068
521985927
991251277
0
2073066
287615054
763319698
354783569
499809515
317817783
107381570
159014810
20119535
0
524383386
764010511
271657441
119614138
857029096
985411209
610940741
515342207
939990127
0
143300436
268826876
148656238
350467846
662063383
660816824
897982839
442288530
218891940
0
952684391
985106399
630872424
849612327
570504868
614136390
188141090
600141137
69736682
0
998123291
420687710
438499326
998667934
379822217
413710953
103915558
622841746
133100054
0
802969737
941561051
988683260
139580346
452869484
559664285
708974873
552103125
903810832
0
568941495
268178054
62925199
225509120
551422010
813284584
467912013
722700175
563779343
0
988133160
860957776
725207267
958689774
412137976
421851312
287347087
736013541
279366812
1
60
2195
29144
217045
1119796
4483815
14913200
43046889
111111340
0
29084
43044694
635469143
855035219
438441432
838488096
805520791
539997565
222444290
0
14825888
159471629
913997432
187307463
356541790
127554580
597604537
813992899
221556424
0
546339311
324899634
635882445
825069644
957048843
576572677
26372361
718099332
891334380
0
540179889
860051149
115619686
319335719
540259239
963871462
535861750
683485092
765145951
0
870449172
770955055
239563600
102378496
29307636
66789401
324523288
119545443
306460638
0
445020032
142907962
566074009
404415847
841514415
655423582
411434663
153569017
447642604
0
730598752
125375878
866592690
255027946
736787003
971825511
139584872
612153096
77621377
0
217252592
137087346
872443581
468260939
134327930
347011256
895190196
790367502
255287470
0
278053013
23820611
24786438
353708056
528265255
270437101
611409017
777163854
809082799
1
108
5934
104968
976887
6047412
28249228
107377488
348684381
10037
0
104860
348678447
951162013
743097246
841446731
573905895
653638013
395323837
999994493
0
107062800
68459267
907424515
443549380
81198017
721972483
425050187
73397283
999672612
0
308156053
892497574
698066379
949081450
452288768
132764360
176144882
688506964
44398421
0
233548502
533254557
454141583
143614798
687555090
431637541
670884837
155808424
445243317
0
588741989
626521263
68518574
663752774
886804553
900144082
671717888
659653518
230342213
0
615483656
683368526
771731594
588230967
809760013
214820327
979656350
27334775
418911407
0
126592943
986404964
925329163
752114190
580591028
772939492
609001194
847026910
313210562
0
111408482
952002344
437687386
629070741
370288022
604385462
165145630
238068687
859868046
0
911111490
523780198
665703847
121035490
496249446
40799780
754100084
816927131
909250746
