1 1 1
10 5

1 0 1
10 5

1 1 0
10 5

1 0 0
10 5

1 1 1
5 5

1 1 1
5 0

3 2 2
10 5
5 5
5 0

3 1 1
5 0
5 5
10 5

3 1 1
10 0
5 5
10 5

5 3 10
10 7
9 6
5 1
9 3
15 7

5 3 10
10 1
10 1
10 1
10 1
10 1

5 10 3
10 1
10 1
10 1
10 1
10 1

5 3 10
10 0
10 0
10 0
10 0
10 0

3 2 1
10 1
10 1
10 1

100 100 100
67 61
92 78
29 65
77 55
51 76
28 85
90 88
13 73
94 32
63 8
16 56
50 92
16 52
61 44
94 27
11 40
18 82
10 38
88 6
4 67
24 83
86 45
89 70
34 84
68 6
69 7
75 42
85 89
27 14
99 48
87 100
85 6
34 48
18 97
79 47
18 95
7 63
71 83
82 51
44 90
85 62
61 45
91 69
3 30
79 22
97 90
78 6
27 54
69 85
39 25
1 72
74 28
50 76
72 34
20 98
21 94
77 54
10 51
54 79
99 56
43 82
71 85
58 91
74 61
27 13
25 75
44 18
72 97
74 46
32 91
41 62
91 41
11 33
16 45
46 34
45 87
61 68
31 2
45 45
37 74
8 17
25 97
46 67
24 39
38 93
27 37
35 77
57 19
92 50
39 34
1 72
62 46
7 51
15 72
69 78
77 81
88 47
14 31
68 21
55 34
