3221225473
167772161
458753
7
11
15
23
27
35
39
47
59
13
21
29
45
53
69
77
93
117
25
41
57
89
105
137
153
185
233
49
81
113
177
209
273
305
369
465
97
161
225
353
417
545
609
737
929
193
321
449
705
833
1089
1217
1473
1857
385
641
897
1409
1665
2177
2433
2945
3713
769
1281
1793
2817
3329
4353
4865
5889
7425
1537
2561
3585
5633
6657
8705
9729
11777
14849
3073
5121
7169
11265
13313
17409
19457
23553
29697
6145
10241
14337
22529
26625
34817
38913
47105
59393
12289
20481
28673
45057
53249
69633
77825
94209
118785
24577
40961
57345
90113
106497
139265
155649
188417
237569
49153
81921
114689
180225
212993
278529
311297
376833
475137
98305
163841
229377
360449
425985
557057
622593
753665
950273
196609
327681
458753
720897
851969
1114113
1245185
1507329
1900545
393217
655361
917505
1441793
1703937
2228225
2490369
3014657
3801089
786433
1310721
1835009
2883585
3407873
4456449
4980737
6029313
7602177
1572865
2621441
3670017
5767169
6815745
8912897
9961473
12058625
15204353
3145729
5242881
7340033
11534337
13631489
17825793
19922945
24117249
30408705
6291457
10485761
14680065
23068673
27262977
35651585
39845889
48234497
60817409
12582913
20971521
29360129
46137345
54525953
71303169
79691777
96468993
121634817
25165825
41943041
58720257
92274689
109051905
142606337
159383553
192937985
243269633
50331649
83886081
117440513
184549377
218103809
285212673
318767105
385875969
486539265
100663297
167772161
234881025
369098753
436207617
570425345
637534209
771751937
973078529
201326593
335544321
469762049
738197505
872415233
1140850689
1275068417
1543503873
1946157057
402653185
671088641
939524097
1476395009
1744830465
2281701377
2550136833
3087007745
3892314113
