2
10 20 30 90 45 90
1
1 0 0
-20 -10 -30 90 90 90
2
1 0 0
0 1 0

1
0 0 0 0 0 0
1
0 0 1

2
0 0 0 0 0 0
0
0 0 0 0 0 0
1
0 1 0

4
665.11 163.18 -255.22 145.40 -285.32 417.95
3
-839.69 -934.21 -112.59
-628.21 -555.32 -688.88
305.19 751.93 845.15
-994.51 -52.96 -901.14 176.19 -369.64 549.94
3
-973.01 344.18 240.09
932.05 388.44 -131.92
-110.53 621.33 -905.45
363.62 635.42 1.21 -126.90 -590.00 101.74
3
574.97 296.90 813.65
170.54 155.86 960.14
611.63 -240.29 -240.96
566.20 45.50 29.85 -291.30 534.71 18.05
3
-736.60 884.31 55.50
85.35 -915.22 245.25
322.34 -708.19 -923.82

4
618.32 855.90 724.81 -310.87 74.74 384.24
3
317.34 -180.13 827.06
-333.27 -382.77 -278.21
454.42 -160.31 709.14
-551.04 41.58 -206.00 -946.53 -943.21 256.48
3
-590.65 16.32 80.69
-318.36 770.87 771.85
976.93 -735.76 708.47
-158.05 174.87 -949.17 69.01 -783.90 15.87
3
-936.68 -921.62 -621.47
458.11 -793.07 298.36
12.65 -305.20 73.85
-785.97 -397.54 -557.32 90.69 677.56 172.20
3
143.74 25.77 -336.74
-470.64 81.36 -932.35
-375.27 148.06 171.75

4
-76.33 -970.13 880.69 -563.52 -791.93 -255.15
3
-918.12 477.90 -980.39
552.83 506.78 907.30
622.34 -335.38 -393.89
-497.64 748.14 144.63 -58.75 455.88 -618.57
3
734.26 252.41 315.84
-355.83 324.29 879.18
49.72 -345.13 -920.04
324.45 -365.06 67.37 490.09 156.44 -581.11
3
-220.54 427.58 329.78
84.49 867.81 805.51
712.37 -366.28 -394.49
-744.48 812.91 799.86 -681.95 -935.93 273.75
3
-771.14 -887.14 -299.90
-130.15 859.95 -546.67
952.44 -20.97 -814.90

10
838.46 638.84 3.49 -800.86 337.53 -129.69
15
-110.85 -689.13 48.36
928.21 857.69 151.29
-208.41 966.71 838.79
-74.74 -105.27 -120.72
876.14 714.82 274.15
971.84 -600.91 -794.58
-381.99 125.66 89.02
-657.37 606.18 154.46
829.09 -70.26 552.35
583.33 201.11 -503.88
-453.85 -868.13 295.68
-278.57 -453.76 599.11
-518.79 -792.00 6.33
557.46 503.39 -676.61
655.54 596.69 -613.74
351.68 535.15 670.15 350.09 846.57 -37.58
15
-350.49 -318.55 670.88
400.69 -820.18 344.06
-34.14 -574.16 -463.18
590.31 -207.09 267.70
-556.48 27.22 842.10
-193.20 750.09 64.17
-630.53 123.08 206.68
407.81 -125.96 -45.14
234.39 330.43 -107.71
-596.12 -657.96 957.84
-67.22 -997.22 -255.25
-110.14 514.07 180.89
442.99 147.71 629.79
483.31 226.33 -5.32
-604.79 -190.51 -938.72
-256.09 -362.21 -424.33 -814.37 -585.97 156.10
15
-184.89 945.65 -385.60
297.66 877.40 -78.88
827.73 -447.79 -720.12
-991.03 -10.86 623.18
325.95 -367.69 -217.44
20.13 771.47 944.23
224.56 -136.96 339.17
458.63 115.00 -307.68
-177.94 -479.66 -923.92
322.16 -751.50 -887.09
-646.58 -551.96 941.71
825.48 334.18 30.90
-491.97 -235.47 -587.60
698.61 -637.18 -858.44
-999.92 -516.44 791.00
-275.37 -920.70 -323.55 -188.56 913.91 -560.86
15
841.99 183.23 -73.14
261.29 851.50 -73.36
-310.59 255.01 256.07
526.87 139.66 819.60
-143.15 263.97 -152.59
-391.25 697.98 -840.69
364.88 978.07 -775.46
-427.13 -732.17 280.15
672.22 674.00 -237.41
505.30 731.59 -879.26
475.52 251.31 73.58
-304.40 641.42 -120.06
-641.15 -938.95 982.20
415.42 314.46 -904.29
973.33 284.06 509.97
373.91 102.16 224.47 955.00 -309.48 21.93
15
-845.87 -783.01 480.56
497.06 -54.21 -769.78
684.79 -158.15 976.60
-984.31 62.60 -222.77
-471.30 875.69 -807.71
-61.07 316.89 -656.85
-544.10 -932.81 387.84
465.46 97.22 879.90
-111.30 306.06 -606.35
-465.54 141.21 -538.33
-467.64 248.85 256.99
-782.21 626.08 979.13
914.05 -364.10 -63.79
731.05 244.99 -518.49
666.26 87.52 -441.90
665.86 280.34 903.03 597.69 -851.72 -816.26
15
844.79 692.89 548.60
191.93 623.78 550.53
759.65 -609.76 943.65
956.66 -145.32 141.21
916.53 -281.71 -730.59
-568.03 471.72 161.39
14.11 -614.35 -29.26
133.55 -161.80 497.59
418.87 347.07 -484.87
-984.78 305.63 -171.48
720.43 -306.54 -482.26
114.67 -315.63 359.59
868.40 -646.85 531.25
-911.41 733.54 -408.88
-14.45 -474.50 -775.34
276.30 -577.38 583.11 288.45 -3.14 887.83
15
684.54 -523.22 -458.80
-110.67 242.37 -972.75
522.00 -737.84 179.38
494.91 626.24 -502.79
255.98 928.50 -251.38
-777.75 147.96 -95.26
413.19 -277.37 -711.10
-80.70 -13.03 391.42
-843.25 -781.72 -502.92
580.99 332.58 -965.98
-910.29 19.54 451.56
289.94 160.77 -143.00
99.23 389.50 -90.90
-645.22 533.69 578.31
167.32 -299.19 167.93
-204.94 948.34 -902.64 -80.09 -766.72 -879.31
15
231.25 -156.36 520.27
-748.76 800.56 -660.39
534.42 -422.19 -17.72
842.97 317.24 -390.28
162.82 -551.87 461.99
-64.95 -761.86 -836.31
-644.73 35.37 -755.18
-564.69 324.80 236.81
-522.88 583.54 53.17
369.43 -767.88 -315.80
111.87 -286.35 -54.53
-538.38 561.14 -989.45
-471.88 22.70 -642.56
136.60 267.59 -835.37
-230.13 -88.80 956.85
-400.21 270.68 500.34 -756.95 646.60 -409.30
15
461.16 872.02 283.28
266.49 625.96 154.16
-558.37 972.05 562.33
216.00 935.59 520.03
314.91 644.04 -386.35
300.67 -702.21 -407.24
505.26 540.78 -462.58
217.04 976.24 -702.87
167.09 -51.86 -417.60
365.59 -164.57 -127.99
231.90 -104.97 77.64
551.48 -552.24 -49.50
-933.06 -492.82 568.61
510.32 690.09 -841.89
-997.69 353.61 -719.18
-774.06 906.86 -234.29 -2.56 160.27 926.78
15
242.15 774.27 98.31
744.36 -368.22 -449.07
105.39 923.19 536.13
-175.77 790.40 135.95
528.90 -762.40 364.17
58.15 -872.46 -689.64
-195.24 -928.38 -689.99
783.48 523.07 606.65
-67.35 -968.69 830.57
726.75 -14.24 8.33
-165.53 -23.86 683.08
903.78 -793.78 714.65
-297.72 239.79 -782.10
-195.08 617.10 -385.90
862.15 491.71 -684.65

10
-524.37 758.47 962.60 -911.84 -68.41 -914.58
15
107.71 -256.26 462.05
-693.24 -52.36 -812.73
-397.79 -68.13 517.09
-83.73 -527.75 673.50
984.80 183.84 54.80
-655.75 271.15 375.29
723.82 -813.28 568.87
-533.17 -27.30 960.12
-691.96 -549.68 477.21
-473.91 -746.39 -701.94
762.79 412.12 647.78
924.78 309.69 812.77
217.70 88.22 797.43
337.33 951.92 -942.59
21.83 382.60 245.55
994.54 -72.94 632.84 336.41 -686.57 642.11
15
418.65 -163.74 862.04
558.36 -690.29 -993.24
810.60 135.63 653.02
-84.93 763.79 -806.72
-847.46 412.69 199.81
-211.70 116.56 -46.39
180.65 -54.87 709.25
-639.67 424.61 854.87
592.08 895.97 -305.09
61.08 -667.05 -773.72
-431.02 50.25 398.84
382.03 -329.43 -895.77
-242.10 -400.74 -482.38
324.36 -943.00 198.03
-488.31 649.11 -192.74
-917.86 328.07 496.48 -889.69 -459.25 -322.24
15
-780.67 -660.86 -41.92
-269.25 392.13 -472.19
866.03 29.35 -288.66
-498.03 -192.18 -643.07
-392.92 -243.28 126.29
498.23 -989.75 773.25
-308.41 -141.42 653.53
333.18 -294.35 375.39
613.01 -103.96 200.43
311.10 372.47 546.06
-887.65 206.93 -563.33
979.33 892.20 82.18
-667.54 -627.98 -979.69
-800.67 -364.29 817.29
-769.74 -797.40 991.36
687.18 -122.51 605.12 443.16 -833.70 157.42
15
833.64 251.26 508.91
510.55 -679.78 -142.00
-849.93 -44.85 301.32
661.46 -127.80 566.10
-458.51 628.48 -783.61
610.77 275.16 93.55
237.87 -241.13 151.69
-533.16 -426.09 952.16
277.97 257.21 420.76
-690.19 950.95 -669.17
-31.43 129.29 563.98
-89.71 751.22 -558.88
-804.29 116.04 -283.98
513.48 -21.27 865.34
-897.10 -902.24 -293.46
884.07 714.54 -334.02 609.94 623.25 -853.54
15
267.26 309.26 747.67
-787.57 -832.11 -182.54
544.54 284.45 -814.33
990.63 889.67 522.18
142.27 -123.14 -951.74
-990.94 -97.21 205.33
-772.07 -325.41 287.58
-929.19 804.54 -499.80
-557.56 674.92 -380.63
374.06 467.66 122.79
430.47 350.90 309.73
953.18 -438.61 370.54
276.43 -310.86 591.32
257.39 991.64 -960.87
548.50 946.23 529.28
-14.98 213.54 487.74 798.83 -69.63 -629.73
15
-178.68 809.11 -849.94
623.22 -641.03 -609.58
-308.09 211.01 -795.37
-822.48 310.19 833.37
-402.53 756.57 -857.39
380.36 -262.54 977.59
123.91 -3.37 -765.59
995.34 953.15 -879.44
54.34 -293.77 996.16
461.37 -499.30 325.00
672.20 -425.81 322.76
-707.01 -732.04 365.90
-283.28 727.80 563.83
488.76 885.44 646.88
925.11 -659.68 974.34
291.33 -672.15 -119.31 652.75 488.64 220.33
15
109.62 389.59 617.91
-393.02 -138.55 990.50
-891.15 550.34 -876.79
-479.06 874.38 -731.40
-875.05 -813.71 -33.28
-634.50 -641.17 532.67
-393.40 -784.00 -622.70
-624.62 109.32 -247.42
515.84 -320.67 990.96
305.57 88.11 -256.43
-258.83 226.27 304.92
294.45 -589.30 -66.25
-841.99 -43.39 -752.77
-483.74 -670.92 -730.72
-938.60 -404.08 -294.19
900.32 796.54 107.19 -190.41 119.95 -541.40
15
-678.25 284.68 991.76
831.51 -347.67 -453.71
-93.67 -619.36 -15.03
-445.06 4.47 -810.74
-549.80 -517.26 100.11
124.25 -481.92 330.92
-16.68 -326.09 -209.30
526.38 -805.00 -680.71
-801.27 681.58 -216.07
5.25 156.74 -941.69
790.79 -425.24 97.32
466.20 327.95 -350.96
-548.89 290.36 362.79
-304.55 38.86 436.26
-547.17 687.12 -553.63
351.44 472.93 -668.87 -299.98 -991.10 844.85
15
776.09 -326.50 -366.22
621.29 -890.44 272.26
16.84 160.88 135.07
234.43 755.56 518.75
-879.51 -984.97 -86.91
-516.58 139.44 -932.90
89.48 221.70 400.52
967.71 -414.26 342.78
-948.11 718.29 -785.02
358.30 -908.40 802.80
-738.83 948.01 275.81
-498.30 -754.83 902.70
655.34 424.12 879.02
253.85 -907.26 -605.10
197.08 100.15 -518.31
-305.11 125.64 -767.89 668.64 -688.65 -589.41
15
418.80 526.58 538.24
-468.18 707.74 13.82
-999.37 -574.67 -443.09
-266.89 -73.91 -928.19
-351.13 -264.63 521.20
-830.56 -735.58 862.19
-86.27 789.15 -617.29
425.72 621.51 314.79
590.43 556.50 -351.33
656.16 -531.30 884.53
312.21 -508.18 -197.65
-46.87 -703.70 871.20
33.97 -176.90 64.73
-854.16 52.37 475.47
444.62 760.39 26.71

10
-455.55 -317.13 404.03 824.97 80.42 93.14
15
-482.25 448.87 -231.85
-390.98 -650.05 -823.53
815.39 194.28 -228.36
-425.41 742.18 575.65
-718.47 368.40 210.07
-177.83 791.96 -451.77
-435.79 28.24 588.45
859.21 321.63 711.63
29.63 338.82 -70.43
570.75 755.65 -228.85
318.66 279.68 -15.02
75.69 -736.46 228.27
-497.08 -959.95 436.66
-766.81 -655.51 497.59
-779.88 -749.53 -629.87
255.49 991.46 543.16 326.35 923.28 123.50
15
547.35 -742.31 -332.26
737.10 462.65 714.52
-427.06 959.12 480.11
-968.16 -716.78 161.03
587.25 919.02 870.26
-770.34 661.16 666.96
-112.51 -919.12 -882.12
124.18 643.11 -861.53
784.13 -423.13 107.38
891.37 285.09 -764.67
882.43 -429.33 -888.84
-934.64 648.38 99.69
95.36 -36.58 -79.39
-463.45 -203.51 459.52
630.19 -997.20 -739.22
-697.08 487.99 589.31 976.22 -777.48 -303.42
15
-933.85 -316.73 -894.30
-955.96 155.48 478.09
27.31 136.80 990.75
-52.49 709.99 268.36
-189.64 -783.55 353.69
699.02 -517.43 -414.78
-498.90 945.76 -482.49
-535.57 478.53 877.34
-284.01 -894.92 -202.13
-272.74 218.49 360.48
-587.15 -9.26 -425.90
-423.67 897.51 359.15
-477.80 -173.69 202.05
914.91 149.27 -119.05
-511.32 177.93 -245.04
81.01 86.18 -770.51 149.97 713.45 614.94
15
182.25 -776.41 648.45
-327.47 -704.40 -540.66
133.38 -950.18 962.96
-618.15 800.25 -936.79
-210.19 -217.38 -920.40
-649.28 -23.50 399.57
451.67 196.82 -69.45
-573.40 -159.99 602.31
153.16 777.62 -367.66
521.52 861.71 -632.60
732.62 -356.83 76.24
811.99 -630.88 77.24
-574.41 -400.77 915.52
457.20 -407.88 -626.46
-724.86 650.31 -164.16
780.03 75.85 -919.58 -545.04 403.44 180.31
15
-803.79 -592.33 728.10
556.04 802.50 817.09
550.20 314.30 366.39
-190.83 289.34 -596.07
518.95 622.50 -607.64
154.35 832.75 -458.63
333.48 149.40 -332.26
-55.92 -135.87 -535.28
468.09 -38.26 -571.95
-309.24 -18.37 278.04
-176.04 255.09 -249.18
-851.98 718.08 -638.66
682.99 485.32 371.82
-891.57 -680.16 294.54
-813.25 173.37 -768.97
726.62 305.06 508.12 -678.92 -679.08 -553.37
15
-347.05 -800.92 -686.72
964.24 985.92 -818.38
-934.33 -452.69 -545.34
472.96 988.62 747.21
193.37 560.46 -654.88
883.63 -324.15 703.59
655.81 -118.14 806.36
-196.65 299.62 -902.26
-782.70 161.85 168.57
-750.41 -422.30 -21.03
491.28 59.74 -243.88
42.16 -827.69 -825.29
77.07 222.40 349.44
18.85 -545.99 901.69
-98.53 731.89 602.88
939.34 -737.45 -510.36 -859.11 -808.25 -364.92
15
225.03 845.26 -600.40
-990.38 813.08 -174.62
-756.67 170.27 517.42
826.33 356.52 725.40
-197.40 327.30 -16.72
-901.93 757.96 498.27
-374.43 835.12 -755.32
-661.66 25.94 32.77
-495.54 -314.60 225.70
-896.64 -509.90 -811.75
905.02 449.71 546.11
922.82 127.01 -157.68
-685.65 -337.72 616.84
-913.97 475.51 -682.00
-347.79 814.51 850.52
603.86 -272.00 -57.06 747.52 960.22 657.76
15
399.58 84.28 576.89
386.83 939.43 -134.74
562.80 -24.26 956.97
130.30 -161.55 898.93
-457.84 499.36 -662.82
945.63 454.67 -299.01
-304.14 -124.27 709.28
552.94 -143.09 -111.13
649.94 974.79 633.56
314.23 -556.43 597.03
577.14 -229.59 -308.12
863.37 -7.50 709.85
244.66 -367.53 476.08
653.60 -775.72 943.95
469.45 -882.50 -742.01
895.00 -938.18 -62.44 640.99 -723.98 355.03
15
178.97 -816.90 -661.07
-53.94 -75.53 -498.54
-979.62 759.20 -503.10
-362.19 -543.15 68.79
-530.20 -219.03 281.30
-50.58 -86.36 -578.68
-236.41 -931.10 489.16
239.92 619.88 -740.44
-240.37 -97.75 356.80
829.12 -261.87 -439.45
-942.20 -360.96 -318.61
45.23 -433.86 -725.68
811.65 191.63 -389.00
190.60 385.92 -169.09
677.96 369.65 -69.78
268.31 -82.80 668.86 -16.31 -712.48 -424.03
15
-740.00 272.13 278.48
-30.74 -330.83 -191.95
914.76 53.86 750.59
-232.81 948.29 393.33
390.43 -691.34 -508.93
203.22 627.39 560.72
538.04 115.77 -309.82
-518.15 -752.45 -103.14
663.33 -638.13 517.99
-559.69 158.78 -667.67
-991.32 399.50 704.43
-724.13 -726.05 256.25
-831.16 819.61 -243.49
393.39 -944.04 -594.57
-727.31 -53.66 544.76

10
79.50 562.29 -678.34 56.64 900.24 526.35
15
-949.50 -367.70 -33.39
-643.67 329.92 -182.93
373.42 985.79 552.47
-983.90 147.98 -546.90
-515.67 278.70 715.06
199.76 166.21 480.98
553.26 -204.68 367.88
424.05 -751.21 668.14
617.31 758.90 540.64
138.08 -686.23 703.84
199.94 443.15 -622.89
665.27 911.29 913.97
-987.56 -925.71 121.55
44.28 262.79 -100.22
559.19 -561.62 59.13
-751.71 669.14 392.61 -935.44 768.80 588.24
15
683.66 921.68 -209.68
-964.17 569.26 280.24
-910.73 154.45 -33.44
-702.35 476.91 -148.07
-758.62 -629.82 721.82
401.90 367.19 810.74
-947.44 126.41 840.33
468.90 646.11 351.23
569.73 -653.26 15.10
-186.97 -617.40 -185.82
-660.61 -955.01 -898.01
841.67 679.39 220.40
-75.16 -695.10 438.88
895.80 -213.68 191.94
-249.73 -435.80 570.10
547.75 -648.02 -977.28 -659.39 731.38 337.91
15
-271.90 -724.33 -551.96
-769.62 -276.39 -323.57
-561.61 -798.67 -241.33
764.49 625.07 -93.99
69.48 748.89 -818.50
-520.16 611.22 -370.49
-402.01 -276.94 -562.57
-739.18 906.29 267.29
-334.02 -737.74 -873.29
-423.68 -384.39 -753.39
400.32 277.59 -422.41
-915.74 411.53 460.17
-582.69 843.39 423.17
199.19 -220.07 -518.75
-330.44 237.16 102.35
408.29 47.67 859.28 -820.80 401.52 23.11
15
901.19 -123.07 715.90
91.85 -731.29 438.45
-812.37 -240.49 863.57
-798.03 -761.73 -554.12
-593.65 821.13 -346.55
412.22 -710.44 -842.25
919.75 -369.43 43.74
-760.05 134.69 24.14
234.06 967.16 573.33
-477.42 -833.44 266.95
-986.62 134.06 157.92
405.74 394.86 536.03
641.33 -187.98 -114.67
178.98 961.77 252.08
664.35 866.90 609.51
84.21 942.77 -916.07 791.07 -613.60 563.23
15
902.18 783.65 653.92
102.85 -376.58 288.46
425.50 926.42 13.03
-358.11 -836.23 382.61
-709.16 -415.21 817.12
-758.09 851.88 -606.18
-717.69 -679.10 -916.94
947.06 365.76 -875.89
-983.83 -887.15 -17.73
-200.49 -78.43 -549.84
929.63 41.04 164.28
-581.78 609.25 -172.53
450.82 24.71 684.31
-80.54 766.03 -576.61
716.32 321.87 -199.78
225.60 -74.80 -921.04 -669.80 -678.62 -230.68
15
147.19 -445.43 -596.14
-753.07 473.86 45.01
-662.99 -953.34 -326.70
926.51 672.61 747.31
-476.31 -827.11 248.68
720.46 -236.35 576.51
547.93 -371.52 745.81
-919.89 645.50 995.72
558.86 928.95 -604.85
425.96 882.82 -511.40
-613.63 531.73 -711.56
-214.85 8.26 -406.24
-666.65 761.68 542.67
-927.94 386.58 -406.54
-158.22 -757.42 531.84
-160.07 -541.52 898.70 -605.04 997.94 196.25
15
140.18 869.28 475.47
222.31 218.18 -805.32
-274.18 651.13 922.46
-297.33 -148.67 -952.50
3.80 -827.69 -423.13
-117.37 383.92 -985.86
-799.24 411.22 -201.09
-485.34 -723.24 480.72
229.16 -182.51 -28.50
168.65 -3.31 -556.85
911.62 537.01 202.90
751.60 -807.69 292.99
-928.39 -253.73 -991.93
121.62 -180.69 572.38
-306.89 -394.66 -498.74
217.33 963.82 -449.94 -158.08 761.51 -192.65
15
233.96 -607.56 -926.49
-976.74 -966.89 -768.34
382.11 627.37 -725.72
601.83 947.50 -716.63
369.63 714.84 957.34
-156.57 537.62 -565.48
117.08 5.81 -947.39
537.99 712.72 -504.45
288.03 -196.06 774.75
564.87 -33.36 618.76
-359.97 -281.62 -461.66
-859.25 132.93 -942.37
742.60 -925.69 552.47
368.44 -157.32 -639.98
63.04 226.12 -353.78
-245.47 989.35 -342.06 -535.27 -319.38 -895.78
15
554.90 656.16 -453.23
478.39 659.21 -130.95
61.03 836.66 -88.56
963.13 -843.22 88.87
266.61 -167.47 852.81
15.44 433.94 -228.95
188.97 -419.32 210.97
615.73 -980.78 -858.49
-773.56 208.56 959.24
-538.28 439.41 -529.16
185.82 901.06 -602.39
215.22 -596.63 -852.31
292.31 -591.16 27.28
-468.01 -194.14 992.71
374.57 -624.10 -457.75
-583.37 456.85 701.83 280.39 38.26 625.68
15
-247.62 -697.97 -609.45
-714.85 304.65 590.75
-954.85 -278.18 -42.69
-423.40 -5.90 -533.70
173.67 594.53 -278.26
749.06 -482.82 219.23
-540.30 378.01 -574.47
945.94 -882.32 280.39
-622.42 289.04 354.78
-479.23 -719.10 -955.96
301.01 -190.41 777.71
738.60 -763.95 -192.55
-165.42 101.40 829.76
-404.25 -508.40 -680.09
368.49 192.21 351.78

10
-910.50 -616.17 164.10 33.04 595.85 598.22
15
665.38 82.42 497.81
590.78 -219.44 979.85
92.18 -137.37 -773.88
-677.67 -995.84 -67.57
7.53 -592.64 441.15
-765.99 436.66 896.73
-19.61 244.31 683.24
-832.63 898.47 236.24
-591.01 -499.69 -232.07
979.86 -208.83 -208.76
533.73 -302.78 -358.34
-601.54 235.61 150.52
-621.23 -222.63 208.50
567.92 774.42 -266.30
54.64 -111.39 -664.07
843.61 935.52 121.05 6.05 -790.82 -789.11
15
-94.91 -830.60 672.49
138.33 908.60 -520.77
547.74 188.93 318.07
822.56 309.80 947.70
961.19 855.68 114.43
-996.70 610.98 190.78
648.87 -999.12 -662.86
-178.81 -619.43 773.81
527.52 353.57 695.12
442.82 -536.38 -899.43
748.99 705.65 670.40
-388.72 -865.73 192.37
-733.15 223.99 149.97
-922.93 -104.01 -501.94
-614.52 518.11 120.99
399.90 -351.46 -417.54 -278.88 413.16 -117.91
15
437.02 35.82 297.58
-826.57 -963.79 6.10
-772.33 -1.51 -125.89
781.02 179.99 -679.48
214.06 288.50 -547.16
601.70 -545.28 56.79
447.92 38.52 -753.02
850.99 4.11 -508.59
-742.03 912.41 -113.33
566.39 -439.59 914.93
-228.31 469.08 -45.35
-587.87 836.18 -46.58
296.94 -42.78 575.03
-360.45 10.67 424.66
578.47 -954.37 610.84
557.57 -192.39 -966.87 -276.83 -22.14 149.49
15
-357.26 -29.29 491.93
-458.28 -425.10 551.99
314.91 -264.25 81.98
-133.70 -745.21 -561.19
-792.10 358.17 39.74
439.72 -929.77 -550.87
-400.72 864.84 -233.32
-234.79 139.99 87.98
-134.83 416.03 -291.15
-866.29 91.07 972.09
867.42 -595.07 -237.98
-590.76 928.43 -652.69
-296.77 -891.25 -114.53
163.12 -827.87 162.29
-830.93 -219.07 -222.62
-427.94 990.64 -46.62 587.24 -236.37 724.35
15
81.82 727.68 729.35
-191.19 826.68 509.80
16.60 692.00 -200.00
-657.17 -779.43 938.23
738.28 -520.97 108.03
-967.23 -324.71 -474.96
575.85 418.12 -86.66
-966.08 522.47 -805.77
-540.70 -611.86 -984.23
722.48 -388.71 850.01
-728.65 828.59 164.34
57.01 -376.96 -226.72
172.30 39.00 952.53
219.52 -325.74 -359.39
-292.20 -694.85 -57.96
-651.59 -851.08 -631.54 -628.13 -59.46 -448.08
15
-904.43 -454.09 -210.90
-680.20 504.40 927.79
682.07 349.96 980.13
608.48 173.61 -648.02
575.51 -246.46 93.00
-70.37 428.54 -95.29
-599.22 967.57 533.92
-44.44 923.00 -361.72
-503.16 -330.70 -43.64
-100.04 206.22 919.98
895.69 315.22 384.31
206.30 -962.66 -520.11
-442.12 -260.10 -693.21
288.64 142.43 232.02
-838.51 63.33 -722.45
-516.10 730.73 695.69 850.08 -870.37 -13.02
15
-493.65 -591.25 480.41
-477.73 -249.53 222.05
-920.35 -102.52 -541.56
307.99 -25.62 -779.38
0.57 81.66 306.75
792.03 -804.47 -207.83
259.48 -276.43 119.67
995.04 -205.03 857.92
-68.19 -425.56 22.16
-970.32 -979.51 229.99
46.79 360.01 -225.58
693.94 -520.47 573.16
-651.87 720.88 -234.07
46.94 -463.81 326.92
648.49 -954.93 -826.10
198.12 821.41 766.09 -637.46 248.01 -370.87
15
312.66 -228.26 -35.27
-806.01 850.16 418.55
-8.49 821.48 161.91
-7.83 870.94 550.11
856.07 -177.95 -69.19
-59.31 -168.92 988.71
75.12 664.70 -20.98
26.63 138.19 -281.43
72.90 -830.29 -372.04
-450.84 80.15 -817.31
164.10 591.30 824.61
-59.19 478.42 526.00
295.35 330.56 -53.80
-98.61 228.46 91.09
3.65 556.07 -190.49
-509.77 -628.76 869.82 -789.70 117.60 -577.83
15
-193.60 -782.90 412.98
625.64 639.42 133.14
202.81 578.83 -315.09
469.94 -324.81 132.18
-332.98 913.45 551.89
-339.29 -373.72 574.32
111.33 -258.66 225.83
-454.66 -353.15 88.85
-533.81 707.39 -483.28
205.24 -57.75 296.11
545.66 847.04 -623.49
736.77 351.86 -365.68
-847.00 -235.50 -112.79
-242.59 -962.42 740.29
216.07 434.48 44.94
-629.42 -939.14 707.45 -393.01 23.13 -389.64
15
733.19 -976.90 -21.74
-289.21 239.96 744.78
7.71 109.65 -627.73
-606.61 857.58 -107.62
-697.39 -194.63 854.20
485.54 253.46 47.08
4.84 -960.63 695.51
-521.80 -917.69 -931.23
-286.03 -217.76 334.44
-359.70 -988.68 64.32
613.66 572.78 766.98
506.15 -477.39 615.91
242.59 608.97 -797.89
466.49 -651.17 -344.57
-962.59 453.02 -719.70

10
963.41 21.07 74.53 -724.26 744.56 -264.21
15
-772.15 -724.06 274.40
964.52 472.81 310.93
-347.03 337.80 -264.36
-743.19 924.14 87.36
702.25 -787.81 -728.16
-484.54 -613.19 -339.22
68.34 -33.77 644.63
32.13 8.46 638.19
-273.30 -905.14 -374.15
-510.85 376.34 -780.47
884.08 832.50 -813.33
-926.46 259.80 80.19
438.04 -755.47 57.35
551.63 -908.24 659.79
590.42 405.15 -714.90
-121.14 -5.28 330.53 -578.45 687.14 -13.39
15
784.39 253.44 377.66
-915.34 -113.22 -324.17
96.48 630.22 771.52
-27.91 -332.09 892.64
560.36 -378.72 -416.00
725.70 177.71 -526.64
149.86 -219.39 387.38
-581.41 -138.62 -645.63
-950.02 -106.76 987.44
-912.31 -941.10 -352.72
-219.51 678.70 725.26
-289.54 65.34 902.35
909.25 -212.78 -962.95
616.72 74.78 -26.62
673.95 -805.76 -11.12
987.63 -311.66 301.16 -887.86 -328.11 -400.91
15
537.11 -230.24 417.13
-158.40 354.71 -803.29
378.33 -363.18 192.94
-735.34 471.97 790.24
916.17 -945.44 353.88
-164.67 -486.93 -294.73
456.03 -280.95 -257.73
-575.61 575.98 -984.72
-306.91 -411.42 111.34
-428.06 911.09 895.82
-696.03 763.26 -382.28
414.94 -177.48 -28.27
-466.39 745.58 935.39
-250.72 -829.47 -630.71
730.67 -41.50 -621.00
548.25 -642.72 -358.86 -970.66 -248.23 581.77
15
475.48 338.55 -468.90
844.69 -44.58 -436.17
-759.92 -671.94 -156.03
-316.46 -995.11 -710.29
548.64 -813.58 422.67
-483.44 984.93 113.94
-291.61 546.29 500.48
672.42 583.83 611.05
717.91 -456.50 -222.69
23.89 -796.27 233.20
-795.26 -938.45 609.75
371.29 5.92 874.32
583.60 903.56 -22.03
-937.76 858.93 10.07
276.83 350.40 -271.92
-236.45 143.17 530.70 897.39 591.63 -663.72
15
598.40 963.74 464.52
-383.87 -508.04 279.45
41.38 674.91 -209.85
277.25 864.41 567.76
332.17 -10.42 245.95
-835.01 335.30 705.37
426.89 -125.41 -330.50
186.34 -468.83 774.48
-839.00 513.84 858.56
-670.77 -997.17 60.19
-424.01 -701.24 -134.77
-2.29 -787.28 3.29
-588.71 458.47 -225.17
-910.21 -135.52 319.15
182.59 72.49 734.45
227.56 329.42 130.22 -666.47 282.59 -493.34
15
231.55 -272.62 -311.22
-712.17 40.79 -444.29
-392.08 540.48 -339.61
914.33 -261.59 -801.29
261.64 -27.63 339.58
505.40 672.10 -833.12
822.66 -857.41 -110.09
-649.70 562.14 -534.61
-875.21 995.51 -326.92
289.02 638.35 463.14
114.09 -168.94 -328.84
-538.63 826.11 420.24
789.96 -428.59 662.50
-297.94 -325.68 -874.05
-175.69 949.58 298.61
156.92 79.71 -927.36 285.89 474.23 -213.21
15
957.07 -254.83 94.01
665.51 -530.51 114.04
449.52 175.47 -550.66
125.12 -765.41 -888.66
917.68 -446.19 -576.17
483.62 -680.18 -16.17
-484.96 -473.44 913.63
-118.83 663.06 -454.86
645.35 -808.13 -864.76
392.84 238.14 910.51
903.15 338.27 691.28
791.02 -14.20 -850.78
894.69 -488.71 -279.63
217.15 828.42 -186.57
786.24 -594.92 754.81
-818.44 -357.10 230.67 -440.94 -867.42 -222.16
15
-342.18 71.80 924.56
759.44 291.93 -327.52
736.46 864.69 -794.49
-18.10 -78.02 -167.90
227.88 -374.47 131.44
275.29 -116.08 30.06
-192.45 120.22 439.45
-699.49 -79.07 -419.14
-903.42 6.33 -341.62
836.49 -707.73 552.50
943.58 -938.24 154.02
82.24 382.53 -845.78
-518.84 -819.30 -988.89
-913.74 -471.12 -961.61
-467.41 -558.16 770.18
-762.93 724.02 903.62 121.86 -151.55 -141.39
15
276.93 -613.67 -726.39
782.56 686.34 900.97
778.79 -467.85 -860.33
-988.80 -536.80 588.95
449.42 -510.37 -833.15
406.58 -958.04 864.40
-603.85 -377.70 557.13
-305.86 213.61 -93.76
-685.80 430.46 289.49
919.71 338.71 550.71
-389.09 -416.99 405.22
906.23 248.33 -940.81
226.72 147.45 -104.94
833.76 574.32 286.57
-41.14 -370.26 253.68
-712.68 689.61 983.47 27.16 -539.53 143.43
15
-953.88 -640.27 -694.57
924.12 507.89 -192.01
-302.55 655.30 -806.05
698.36 642.70 489.19
212.46 -128.47 -985.92
-806.00 -740.08 401.82
152.40 -938.85 -351.51
-962.82 857.52 554.30
-144.66 -933.85 -910.32
903.52 -181.35 273.49
477.76 -369.50 -686.54
176.81 648.16 563.69
887.96 389.62 -168.65
-562.71 -336.38 862.87
537.15 234.01 -853.69

10
344.87 956.11 -524.74 -218.28 674.17 -798.37
15
370.80 -352.56 679.58
-511.25 -775.76 0.77
-938.12 -347.72 933.90
753.18 490.92 -965.82
426.16 283.78 47.68
-50.85 -435.91 -865.49
-266.82 -344.42 -241.87
-722.98 221.64 -316.54
563.65 -646.84 719.26
-171.34 -786.83 587.58
-730.52 601.96 -587.67
-272.49 759.97 925.87
-344.76 -479.12 936.71
403.99 593.62 -387.60
978.72 -321.52 -538.44
368.00 972.18 719.28 -26.02 972.71 536.97
15
-123.94 791.23 -1.29
-532.01 -767.13 -559.56
546.82 14.27 587.99
23.10 718.75 -60.84
908.03 609.85 786.78
-979.97 783.47 -893.89
-769.31 2.49 -311.67
992.72 -417.30 -478.07
-597.74 899.73 -178.07
-424.75 -332.92 -98.62
-190.22 -94.65 -87.66
583.28 854.41 -13.04
824.21 522.34 -76.10
-216.17 406.52 -824.16
342.54 -232.95 99.48
-554.80 385.67 429.54 -400.14 196.86 353.07
15
-318.00 -418.69 -145.64
-570.80 471.14 468.30
-923.70 -266.53 201.46
577.54 402.27 397.37
60.04 -103.17 598.51
-876.18 901.59 -124.35
769.88 377.84 752.95
-876.43 -993.14 -236.29
606.96 -351.29 193.27
-663.66 689.05 -320.57
-702.94 431.24 -114.58
-32.73 -257.46 -862.67
-2.64 -847.00 107.31
817.02 -642.11 -365.17
-796.45 -614.09 214.13
-574.57 467.22 -862.91 316.08 -481.89 733.58
15
112.56 90.25 861.41
631.86 -196.62 3.12
323.06 752.13 179.53
228.41 673.18 -36.54
763.66 -450.50 281.79
894.21 760.19 -546.66
403.95 794.50 510.02
-854.41 -846.24 950.81
-539.50 621.68 -885.12
976.15 599.90 145.47
690.19 266.44 243.85
852.90 -407.32 -207.97
-328.16 -440.53 -750.20
814.65 -848.32 -410.73
278.86 -616.25 -789.02
563.25 -410.39 -174.15 344.79 811.68 337.57
15
121.39 561.50 745.41
426.50 342.44 437.62
-548.88 905.90 539.19
-898.22 -879.89 -324.12
-301.10 87.14 31.79
733.47 -614.23 520.58
935.98 592.32 -877.28
17.47 -976.56 286.58
-411.44 -93.83 236.44
-868.39 -466.51 -816.31
739.70 -825.21 286.80
883.09 -955.90 -992.86
-369.05 123.54 -462.58
-822.24 768.45 -935.38
-6.67 -475.77 -65.32
-462.27 147.43 -594.30 869.38 -506.18 186.27
15
378.69 539.62 383.63
8.71 80.43 177.58
194.62 747.86 58.36
313.98 198.62 122.00
239.52 443.12 -457.45
886.29 -768.72 197.13
432.65 124.64 -26.67
322.08 909.66 224.47
323.87 369.36 687.73
-893.28 -154.56 213.04
807.93 762.28 48.08
684.96 491.90 -373.27
290.73 -877.64 536.35
-373.44 963.50 -943.92
167.88 -913.39 202.97
680.00 588.30 -673.51 -200.39 -828.15 814.09
15
-868.50 581.41 -485.92
389.07 747.11 448.61
917.83 893.39 429.59
-609.41 63.33 -775.78
-904.26 -802.16 166.66
556.50 851.65 613.84
-538.55 -138.75 706.11
383.24 702.88 867.38
399.61 -232.47 -734.71
-890.93 -727.08 421.66
218.36 -120.27 992.31
-711.91 463.87 -20.26
-652.56 -716.95 -870.17
268.97 268.42 434.96
226.05 686.28 -800.32
-287.60 -127.94 333.62 -746.92 -33.94 105.86
15
421.08 -478.80 986.93
-478.39 -987.29 -162.62
-989.20 -420.53 806.27
-253.80 303.12 -517.97
119.23 -272.15 862.97
-917.90 -437.07 -579.29
929.91 159.42 -343.65
0.53 -831.73 -674.30
-7.45 83.31 -950.55
830.19 282.82 -230.96
499.55 838.76 558.94
-573.94 72.22 579.75
-835.08 680.89 -272.79
-115.58 -709.76 -203.61
251.47 -190.72 110.79
538.17 -520.07 -908.06 -141.83 961.31 641.20
15
-413.72 -973.94 -223.24
-446.49 -34.70 952.85
-845.94 -578.21 -741.81
-363.14 -193.16 923.04
647.48 -618.65 -141.89
411.40 -88.13 -627.43
927.46 26.89 335.66
945.68 768.88 -532.23
-56.02 543.24 -825.81
-260.49 -266.09 -563.21
898.19 249.60 832.61
-585.68 -264.14 906.76
-933.78 961.28 954.17
-711.32 -813.10 -708.59
-821.54 -429.86 99.17
-983.33 -509.19 952.58 -806.89 136.55 -671.81
15
435.89 -846.22 567.58
115.82 547.78 -36.12
506.60 989.14 -888.69
-153.37 -455.42 -563.45
-141.12 -179.28 -811.67
120.14 -969.79 -908.67
-975.40 -317.42 869.06
457.14 83.17 -225.27
229.72 561.14 -965.59
-634.34 -940.67 -286.45
129.18 535.06 -985.31
593.23 -706.48 948.56
-636.23 -959.25 907.06
508.16 81.41 423.23
-433.46 487.96 190.99

10
-427.51 416.44 -13.36 382.28 965.32 892.43
15
864.25 -867.75 501.07
-139.17 -979.63 -938.40
-6.62 346.62 289.66
-950.87 -842.72 506.57
-725.86 -283.18 830.76
-28.47 215.31 516.47
-73.75 360.06 -146.24
866.39 -570.47 -902.67
-470.89 44.04 237.76
389.44 -131.45 -918.00
-160.45 -778.37 -666.72
-975.30 -669.90 551.67
-990.87 421.47 -135.27
944.95 -357.26 -843.89
-803.85 -389.06 -228.07
722.87 -162.56 491.49 611.79 831.02 -642.35
15
226.54 -132.17 939.99
-617.00 857.65 175.35
907.40 -278.24 607.81
-625.41 29.32 -228.68
327.38 -954.78 930.05
-165.32 -720.52 -933.06
-348.66 980.55 951.40
-273.42 309.80 478.24
-482.32 225.40 352.43
185.65 203.43 989.02
-783.59 867.76 -204.90
515.74 177.65 -192.05
763.23 244.85 472.11
338.26 3.14 67.94
-750.83 363.24 943.15
400.33 313.24 739.39 -323.26 -317.42 -827.31
15
153.38 -487.13 -293.06
241.58 -18.99 -913.33
-725.32 468.54 152.19
-504.89 -74.28 -364.97
-100.79 -156.05 -117.91
-75.75 -403.82 -130.72
473.78 -917.57 167.18
74.54 823.13 501.55
-883.75 -453.96 -971.17
-768.92 -257.27 615.95
450.23 167.42 -404.12
-470.95 778.25 897.64
-578.20 364.30 -774.05
189.98 -357.21 935.28
-142.76 324.10 -870.12
-751.87 -469.35 -544.06 -65.63 -837.99 -257.03
15
823.21 -399.17 -38.82
739.73 -463.63 -106.26
-986.26 780.66 979.81
-697.01 810.56 664.35
-73.25 -223.32 -92.31
862.89 130.34 12.09
-576.44 -209.28 9.32
-567.04 -119.59 284.09
787.63 -636.54 540.64
713.49 150.13 -192.38
-163.03 414.92 -330.66
-311.66 -998.83 -909.97
-496.69 308.98 83.34
576.13 -680.38 -829.60
500.83 624.77 -271.28
277.04 -682.28 -411.03 -982.26 -132.93 -800.82
15
-953.82 301.08 -589.95
292.61 132.11 438.73
-575.70 -470.08 -106.17
37.05 -602.23 970.08
118.45 -861.44 415.22
775.41 -291.23 637.97
268.21 844.77 432.26
870.27 -346.45 433.13
-837.45 -105.56 418.63
198.63 -614.30 -130.56
382.12 -344.26 84.88
654.57 -425.31 349.47
532.09 473.54 -746.31
629.94 968.27 -608.84
-720.08 -826.47 -902.01
-421.92 -745.37 869.28 26.04 843.60 33.53
15
923.24 380.83 458.39
146.43 -261.98 454.70
924.91 -791.89 875.58
257.53 -660.46 34.28
-949.43 904.45 -791.73
147.71 -426.92 19.78
82.92 -73.00 518.40
830.12 385.81 -282.98
-143.05 58.11 743.31
815.81 -699.87 -778.48
-828.29 -146.96 -555.01
444.50 -612.87 34.01
-790.76 259.79 -659.35
921.03 228.47 -969.14
-963.27 -543.78 96.30
-286.39 -104.75 -112.94 -176.90 -700.37 648.83
15
203.59 -941.71 -635.07
225.11 -786.70 725.93
-435.63 631.13 648.11
-837.27 156.41 519.87
879.94 -511.70 217.82
-650.49 215.59 -196.93
-902.22 181.09 265.59
906.69 689.60 631.29
987.38 -943.87 -467.06
240.90 231.44 -293.65
413.05 146.21 -11.38
329.88 -877.01 -762.88
-638.55 -800.36 -964.78
243.53 774.11 95.36
-297.80 958.29 -312.87
-249.70 -596.02 238.62 -789.01 583.00 -15.37
15
-268.83 335.69 986.68
350.62 -171.63 981.19
297.74 -289.84 -63.85
-632.55 926.73 579.87
474.53 -455.15 -292.32
599.76 -166.47 535.95
-128.76 977.46 693.63
-317.73 -871.72 -695.81
267.21 177.18 446.13
-617.36 -131.24 105.05
-376.51 -515.80 960.76
278.46 -918.68 948.21
-751.56 32.34 -393.43
860.36 10.40 -94.18
166.18 405.90 -917.15
155.10 -658.00 120.68 -387.79 324.94 964.83
15
508.82 781.40 -594.27
-210.34 -442.64 -852.86
-656.60 -459.07 -249.34
609.15 -11.91 140.49
721.32 846.61 677.56
462.11 299.64 497.31
-947.30 388.68 -659.40
-694.32 -731.62 -440.24
436.57 -159.06 -906.77
-337.05 223.46 -123.87
-509.20 963.33 284.71
273.47 575.08 -974.66
398.03 -654.75 -465.93
-374.00 429.28 906.92
77.78 136.90 -557.24
-313.79 -599.24 415.13 -223.46 -149.30 -765.28
15
6.80 -590.72 739.18
-273.75 412.82 437.10
698.99 140.15 907.84
642.95 -897.58 -32.40
-565.26 19.26 -656.34
867.00 361.19 733.34
730.92 79.53 795.14
170.88 -818.02 497.46
-132.05 -347.70 321.68
-103.98 -151.16 -465.23
-334.08 -397.19 -434.77
977.83 139.87 -432.17
28.57 -313.17 -146.13
-160.35 70.04 -865.06
680.92 424.96 578.86

10
648.07 -772.86 47.29 827.53 779.40 -346.20
15
-813.30 -107.54 -516.19
618.22 -593.64 703.99
37.20 -698.16 -925.68
652.70 564.01 772.65
776.39 -980.08 -257.89
-104.87 -103.79 -423.29
17.88 -745.66 -992.15
304.66 -294.00 61.67
-218.01 884.10 -778.10
-848.99 -774.99 700.85
-757.10 777.04 -34.10
831.03 -304.22 -909.14
335.21 431.24 -789.34
-992.26 317.95 -474.41
713.77 -152.90 34.90
536.62 124.37 90.58 -568.20 -614.04 577.74
15
-686.08 -266.49 -387.19
454.90 -24.61 545.62
-416.98 -356.12 450.20
938.36 -623.70 -337.54
786.42 307.16 396.63
-117.75 -227.39 -677.06
-398.77 397.26 94.82
551.83 60.39 335.99
414.79 -775.32 370.67
-143.92 770.75 666.47
503.93 -403.40 81.42
523.58 -32.13 968.44
125.62 -277.27 -899.47
603.71 -595.20 716.12
-6.74 -309.76 704.02
390.34 594.35 -260.86 417.49 400.95 300.02
15
-490.89 -76.57 -808.75
612.45 8.12 862.74
904.71 259.00 760.96
-645.57 -239.20 -991.01
-181.67 180.82 132.07
654.49 -402.52 460.14
680.52 -138.72 711.52
-234.32 -166.05 586.97
224.66 -154.14 72.51
-564.03 -543.60 683.89
-9.48 883.31 -545.48
-347.44 -613.24 918.12
206.72 -505.91 990.71
-34.25 -438.98 -199.20
760.30 933.09 -736.77
651.05 3.60 -818.74 871.18 -22.90 107.91
15
-179.54 -602.00 515.82
-932.86 -265.43 -237.81
464.04 -49.77 264.16
-659.52 -210.94 -19.08
-720.71 577.82 -918.88
-217.21 639.43 80.89
-217.07 693.05 891.31
905.44 328.99 -563.82
-574.21 -167.50 762.47
526.20 985.31 -806.35
598.38 -823.82 -544.35
324.50 -49.55 706.27
178.84 -539.15 -989.11
398.85 208.62 -541.69
-777.39 189.48 698.62
-778.97 568.36 -799.39 903.84 -743.22 263.80
15
570.51 940.36 905.53
290.18 952.03 639.18
432.44 948.74 -151.06
92.61 -16.23 -348.56
-613.20 -141.38 -318.61
-259.97 -490.54 -596.27
974.61 -36.25 752.35
334.63 -97.58 -229.68
536.57 -229.34 -596.64
800.29 -286.39 703.99
14.39 -608.17 215.04
202.62 -977.73 33.56
-812.07 983.03 375.63
653.26 539.87 917.07
189.82 -761.03 203.88
-926.57 171.57 585.21 -478.22 -363.85 385.66
15
-741.75 891.05 -500.55
770.36 752.82 -941.78
161.75 769.74 952.36
543.26 436.62 733.27
35.61 895.85 647.45
388.87 -206.88 416.50
-41.53 430.30 200.36
-920.51 488.94 -278.80
838.13 -846.48 329.29
-502.16 -870.70 -980.29
839.11 -351.98 46.90
-780.86 179.33 -776.28
-9.82 79.55 0.05
313.14 -62.27 674.34
-537.86 -813.87 108.63
354.75 409.85 829.12 366.34 755.29 229.73
15
-479.20 484.96 -649.13
-510.77 780.81 396.55
-92.09 -861.73 432.22
105.67 886.42 564.85
351.85 486.45 242.15
876.26 -452.37 64.32
753.47 893.25 -175.47
809.75 -800.67 102.06
-556.50 679.62 374.49
-316.62 131.03 -935.03
-358.60 -892.99 -593.37
612.00 -321.68 -702.23
-241.87 434.16 989.47
799.35 646.47 -193.01
-548.69 -467.14 262.30
-337.24 -316.58 429.07 -286.33 249.60 -440.73
15
900.55 876.10 476.14
63.17 651.16 -511.25
-0.42 -468.16 89.99
922.34 777.12 -581.22
-150.03 -130.31 -869.86
-796.45 -311.02 716.94
800.92 715.05 242.58
50.89 971.79 -663.59
-556.86 -517.18 -796.78
-855.85 -465.22 -824.15
899.71 -929.04 -699.66
-663.97 -475.40 901.16
-877.81 505.90 941.71
-575.80 -938.53 -918.62
599.22 796.57 361.44
-286.82 347.90 27.52 -379.11 427.01 442.40
15
-328.10 556.53 217.14
-306.70 -943.56 -395.61
-406.00 69.88 -635.53
519.62 874.84 -950.99
-663.23 -897.86 824.38
505.58 -844.64 -575.69
851.84 -662.40 -464.46
840.30 -939.78 -710.59
-259.09 364.51 781.17
570.66 616.37 -642.66
329.83 959.98 690.10
239.20 -355.31 976.23
-718.25 -844.29 427.06
-127.25 843.32 401.57
629.96 74.51 662.35
48.89 -614.94 -542.40 303.79 687.72 -269.44
15
25.59 842.76 -796.77
69.99 8.95 -972.59
865.15 770.74 -862.59
-162.21 -919.11 366.11
632.85 -666.70 191.42
282.96 -350.39 750.92
661.29 -429.87 874.71
-78.58 856.67 -257.41
-974.81 196.43 733.04
846.85 313.53 -604.30
-667.54 -326.87 -934.68
-799.35 630.86 -275.60
-130.46 439.55 773.22
664.07 689.61 -201.23
-762.11 49.22 672.59

10
-92.00 -410.14 -782.35 -674.30 -842.56 151.98
15
12.23 -8.71 -552.89
-593.18 -754.93 344.25
-934.34 282.71 60.63
-185.31 491.16 65.67
-462.27 -417.81 102.44
-648.07 -982.23 -443.85
319.43 -252.78 25.14
697.92 484.23 -261.42
-997.80 634.14 686.98
123.72 77.17 492.58
553.34 801.09 -857.67
-434.14 603.81 -715.62
-368.35 -907.42 709.06
-185.91 609.94 -134.53
-954.84 856.47 140.06
561.46 316.13 -48.70 -675.19 714.02 911.62
15
744.32 621.32 169.69
-779.95 -742.51 983.94
-655.97 -126.16 717.97
-361.35 -866.06 -271.05
126.38 -327.93 434.53
-212.91 7.77 722.66
-815.34 994.86 942.51
542.83 -301.36 803.51
608.87 844.46 -350.78
352.20 -170.78 -398.09
-599.03 305.98 103.09
420.96 -613.53 -403.76
-282.47 -741.18 -387.07
-576.72 -11.57 432.60
-308.13 797.35 595.39
-23.89 676.55 621.93 846.91 -35.64 992.43
15
569.96 -820.12 639.32
-493.40 959.04 287.41
261.00 43.76 445.57
869.75 61.22 197.68
538.04 923.36 975.17
205.31 868.55 271.85
775.78 -360.84 -710.94
-467.64 418.98 154.32
-809.09 194.66 942.65
277.37 -701.08 -116.78
-93.88 267.45 243.46
-790.89 -491.07 -586.69
237.11 -481.32 772.56
656.83 -428.32 -773.05
616.87 -844.50 393.64
414.48 903.36 -956.78 776.78 597.34 713.81
15
-136.00 382.19 -435.66
274.29 -884.72 -597.53
-35.16 -834.82 494.27
437.83 769.20 927.90
-936.73 -917.15 48.42
61.88 -434.93 518.60
62.51 -215.10 516.99
283.36 -717.49 -190.07
-375.08 388.96 968.97
29.72 -865.77 415.85
-460.87 99.25 -587.27
90.80 -935.97 846.67
-908.49 -856.39 909.34
5.99 821.21 676.75
-582.45 -751.37 -683.66
-73.39 737.38 -710.84 841.58 222.83 8.79
15
594.60 173.71 134.01
950.54 731.70 783.78
273.75 -945.94 483.01
5.89 -195.74 -7.56
665.49 -815.86 -294.12
-933.12 -234.83 294.44
-577.38 147.62 664.22
-236.20 -80.06 -465.08
71.40 -75.99 487.40
842.67 -940.03 -791.14
491.61 -418.45 435.79
655.97 607.04 -756.33
883.75 -20.43 -770.04
-846.69 -347.21 933.95
-284.39 -924.36 260.10
-878.14 -0.30 15.08 998.61 89.06 922.97
15
-328.46 91.58 731.75
-811.58 684.13 -983.40
696.02 -566.42 610.60
324.49 -551.82 903.09
649.04 -407.46 578.51
928.11 357.90 -728.90
155.31 -597.53 -817.00
-818.56 -651.86 958.17
-554.51 -160.62 -555.66
204.23 751.73 608.11
505.74 659.27 42.90
-572.38 372.23 766.18
-236.30 -7.68 -382.88
-620.51 -794.23 -740.85
-963.70 -336.00 -956.97
-24.00 -843.60 779.42 941.22 827.26 672.49
15
-114.03 -918.43 345.65
629.77 -536.24 -41.15
753.10 259.76 616.78
-408.53 435.46 -764.75
-472.36 -547.15 -480.28
823.30 -959.06 406.59
-468.37 -313.93 456.76
-108.66 475.44 772.33
-107.62 -957.34 -783.93
-537.74 841.14 391.66
488.58 280.15 -430.85
-877.13 499.69 232.14
972.76 -912.32 -941.46
-467.64 -134.43 -615.47
-269.85 -126.32 -33.95
290.84 790.10 233.28 486.57 -287.85 -135.50
15
-179.05 -714.99 622.04
-855.88 294.73 431.89
-576.31 -120.40 642.70
453.08 -722.94 -651.10
524.40 -230.16 -121.11
963.91 874.86 -752.10
809.19 -888.83 -912.50
-237.75 579.46 -160.42
-407.76 220.11 89.66
483.76 374.50 -352.36
971.84 965.80 -842.37
483.46 -637.27 734.95
200.39 -611.17 446.73
-457.80 -334.01 -292.83
-380.59 -200.27 -771.09
-75.03 822.61 493.32 190.54 -500.81 -202.57
15
264.53 -623.38 595.62
-863.17 -877.25 714.28
175.06 94.97 -813.98
400.38 -910.78 501.23
-875.99 -10.78 202.56
-890.69 160.99 -505.19
-719.72 822.01 314.92
840.46 -843.96 -583.94
102.26 96.94 -729.54
219.26 62.81 825.90
884.12 -363.03 -421.14
864.50 941.31 625.96
867.68 -375.57 391.99
-131.83 -267.06 -263.52
175.37 -661.94 799.55
-117.39 -175.31 146.34 357.42 -107.47 162.31
15
-357.19 -697.92 -929.39
-616.84 183.86 189.09
-924.08 -993.48 530.91
-44.51 141.42 62.82
308.34 668.87 -561.33
640.29 -824.27 724.27
-545.85 -188.51 -758.19
-116.03 401.60 487.98
452.95 -714.80 -670.79
786.77 658.16 226.99
15.16 437.69 -997.68
658.96 -639.62 -958.98
764.21 929.89 -949.75
709.87 -889.96 -104.46
696.44 -149.38 736.08

10
476.35 822.09 399.49 794.46 -449.37 -237.10
15
710.99 -297.30 -279.67
-301.29 -901.33 144.14
944.63 438.34 113.00
197.64 6.74 231.13
15.15 747.46 284.55
445.13 515.42 118.66
922.43 -800.93 -421.34
336.16 691.93 484.64
-475.47 397.60 -583.80
893.19 943.93 -926.47
-508.25 -304.84 42.38
290.45 -993.30 919.29
397.57 696.31 -100.67
-840.81 110.02 -28.44
-820.58 745.84 701.49
-728.70 723.56 -133.41 425.24 797.45 480.58
15
-187.76 -912.22 -968.94
-802.25 -475.84 882.61
-262.36 700.95 -715.88
-606.13 256.17 -198.07
449.78 -960.02 48.57
-891.76 -290.00 -987.04
874.54 -477.02 -246.80
-450.58 -905.93 815.97
957.87 31.74 684.68
729.39 -241.50 258.98
-122.40 803.96 -806.12
602.63 646.38 -695.50
-423.50 -200.95 -119.85
-390.20 457.55 811.87
-185.89 -295.69 42.85
229.48 -108.99 651.17 720.22 919.55 751.16
15
946.75 -131.91 896.80
-612.53 589.21 -766.69
-621.87 -121.35 -107.91
-631.07 -334.98 402.54
1.46 -585.53 391.20
124.25 303.71 736.36
-343.80 361.80 -764.98
-633.35 -537.40 360.35
-385.05 -354.96 355.01
456.03 -30.00 614.56
-130.81 -406.65 -912.04
-639.26 696.46 -694.20
-296.55 164.86 -628.91
-491.01 919.61 -764.77
-984.88 45.27 140.81
-278.23 662.47 42.94 371.09 -368.81 -776.39
15
745.22 -407.19 -754.44
536.07 105.50 273.09
225.57 93.57 35.05
-957.01 -469.59 964.96
736.84 785.70 906.05
138.36 341.09 557.57
-733.41 97.43 -793.85
300.77 528.45 122.47
-778.01 -224.01 -251.25
960.87 819.75 886.41
-708.44 -169.42 638.31
699.88 -808.33 -74.31
902.51 -819.20 -747.65
-340.11 620.20 780.18
984.05 -773.17 -6.99
-16.07 921.39 931.64 -817.04 -639.94 842.64
15
466.84 -663.61 -10.30
735.07 -572.73 -971.26
515.63 -19.75 -2.36
-638.27 -151.03 -171.71
-693.38 -546.28 -212.21
105.96 575.59 261.74
-721.23 -31.14 15.76
458.95 -36.01 -592.21
-259.49 -990.50 882.75
494.81 -768.38 125.96
-377.59 968.98 154.80
315.25 -321.84 504.11
-938.12 118.69 -821.10
127.22 140.25 13.46
456.56 820.98 168.36
912.27 -828.93 473.97 124.22 -125.40 -865.89
15
-872.67 -53.38 178.35
-154.89 636.08 423.06
-152.06 -323.75 -761.38
291.49 -132.90 -37.03
-403.37 -328.89 -134.33
409.05 -86.22 756.16
-380.39 342.17 182.97
5.38 -530.71 951.27
-254.27 140.66 -299.95
484.96 -532.78 954.01
146.10 812.20 -356.10
-502.17 255.23 72.79
536.95 705.07 777.29
-429.80 29.96 -905.83
486.20 -511.40 525.04
935.88 277.72 -653.24 -606.58 445.73 621.23
15
388.60 -489.85 -507.27
-231.39 -752.40 -350.08
-496.90 905.81 564.18
130.57 606.07 248.08
873.91 -614.22 -851.73
82.54 -449.46 -377.05
-863.63 233.96 243.08
634.01 -327.91 611.13
432.66 -60.09 99.86
923.12 -589.24 -475.08
434.14 -710.00 -719.55
84.22 711.20 -460.88
-867.51 450.92 -382.49
57.06 -176.49 -855.49
635.84 838.14 -250.79
624.19 -285.98 479.69 -975.55 -938.38 591.80
15
261.06 444.55 -282.19
-346.66 890.58 -724.69
445.79 645.85 654.06
-539.81 -756.45 2.30
-848.81 -139.76 119.47
790.49 232.32 -268.30
-890.22 -123.44 -61.26
133.08 692.03 974.41
-965.75 898.41 -177.73
-431.44 450.13 864.79
-679.03 -97.05 -428.75
-386.83 270.04 -85.32
815.59 -325.60 889.08
650.07 523.40 495.68
-223.20 701.69 859.64
318.66 465.37 -148.42 -833.38 -649.84 114.75
15
-350.75 632.18 516.04
88.86 -956.06 -380.11
694.16 145.37 -377.26
471.04 593.94 78.25
820.54 -279.58 603.27
56.26 26.21 -127.84
619.09 539.94 -934.23
-81.59 300.07 -361.01
522.58 -522.92 68.52
681.78 -526.91 798.10
-891.55 -172.89 399.59
-605.92 -818.05 -748.15
-825.41 370.13 -418.77
213.70 -810.41 622.17
274.97 587.11 98.17
902.03 -142.35 -25.02 68.53 -325.47 -187.53
15
-798.42 -211.85 -278.68
334.31 925.25 -947.61
822.88 331.40 349.73
757.58 -148.27 -550.66
-186.63 163.38 -144.94
285.63 -42.30 -518.16
171.98 -857.00 926.64
775.08 570.97 -561.71
-903.89 -969.41 -287.38
-579.69 411.02 -293.72
371.02 121.51 308.05
-521.19 -874.97 72.15
-987.70 277.82 204.81
554.90 266.16 569.13
534.74 -927.40 -458.16

10
485.74 -850.06 -624.56 -340.80 -976.42 116.38
15
-689.42 811.33 -218.43
743.89 -875.46 335.92
-642.38 231.84 -867.72
-483.33 -989.88 -478.74
-438.74 -136.87 -875.88
70.08 -604.26 285.75
-891.45 -430.53 -704.03
-417.04 184.46 -132.74
-663.00 -556.54 694.08
-527.91 488.05 672.00
365.34 640.03 810.73
-772.24 575.73 -967.82
-109.58 58.59 -306.95
-99.18 12.54 -892.33
-146.75 363.30 -842.99
-341.10 -754.22 -157.57 819.28 -41.63 -645.10
15
638.57 -223.90 208.48
-475.70 -772.22 814.39
30.12 112.24 765.66
706.28 808.02 -508.76
85.21 -231.72 170.10
-66.04 262.89 -7.90
814.91 823.35 687.44
360.00 313.15 395.52
798.11 -73.94 20.31
-207.47 -779.46 -170.61
441.34 -820.53 318.01
48.27 615.78 -584.53
426.85 -402.46 -91.80
-27.47 -181.97 960.54
956.20 -150.57 32.19
-114.50 -333.42 119.01 443.19 -321.32 950.63
15
823.84 -867.04 -352.65
-296.91 -791.05 -64.85
-342.23 658.45 -927.27
352.65 -615.62 -805.80
-737.36 627.30 816.04
-488.39 -840.49 -23.93
58.89 314.06 -656.91
-232.85 -708.02 31.77
609.03 373.07 503.00
-201.62 -856.38 902.32
224.70 -320.98 -829.78
-157.73 -239.06 863.81
-854.96 -503.88 -64.35
83.11 143.70 -75.80
607.19 174.55 850.03
-232.63 -176.69 687.84 401.55 524.51 121.44
15
247.29 -171.24 303.90
969.22 -639.91 -918.47
90.47 46.06 -412.61
-846.24 -960.45 -210.75
-104.69 -809.95 40.77
-365.37 293.53 -530.38
796.34 967.38 -663.85
-110.06 548.36 90.28
-333.11 -414.93 617.98
570.49 930.10 -920.62
-773.83 341.30 770.49
-587.80 299.49 -14.33
443.15 241.24 159.30
399.85 -647.01 -543.72
260.65 153.95 -900.93
307.58 -606.93 933.88 -238.45 944.62 914.75
15
70.95 849.64 258.83
619.95 -412.99 18.82
-308.48 -599.50 -948.13
493.26 -809.50 109.51
-222.98 -165.04 548.71
-924.00 -659.14 619.20
172.01 -665.14 56.85
903.68 -228.63 821.52
-185.36 -100.07 -557.78
427.60 -392.01 330.67
934.53 327.46 -77.01
-635.66 -963.34 -227.34
-333.49 888.58 633.13
633.65 342.24 312.51
-389.57 1.51 -403.50
406.35 37.47 995.18 -243.90 -335.83 326.12
15
805.06 -258.21 167.98
158.34 77.78 559.85
-315.32 -936.43 -686.43
2.90 62.06 91.41
-100.99 -89.40 788.63
-90.36 -886.26 -370.27
-754.34 -386.76 -300.32
715.03 -837.34 -605.08
667.29 -691.70 -351.24
754.33 -756.91 962.20
-364.11 33.75 262.01
214.12 -315.05 -430.63
226.77 -426.63 654.56
-992.61 259.09 -200.43
-424.43 430.92 -767.60
905.37 730.74 -469.58 9.78 -25.09 -431.50
15
821.48 -833.26 983.87
334.78 340.71 -815.40
-542.86 -9.50 61.62
-261.58 454.92 987.79
-278.45 705.32 290.85
331.42 -340.14 -550.44
4.69 -619.29 -92.12
970.50 -382.14 592.24
-551.04 -549.75 479.61
871.49 155.68 -618.90
-601.01 165.37 933.39
-27.81 -144.13 601.46
442.69 -189.42 -276.36
117.12 756.80 -942.97
-356.74 -305.48 -69.18
474.42 303.59 815.68 134.91 -683.17 529.26
15
66.36 -507.17 -83.44
302.26 -881.86 -496.36
483.19 152.09 -318.54
-769.47 647.41 -494.52
128.75 -492.85 -534.78
964.75 -204.01 -230.97
107.74 -439.70 19.14
-646.91 19.81 557.50
874.99 -122.37 108.56
191.13 874.72 -946.80
-91.65 450.99 -987.18
442.74 960.36 685.96
-254.42 355.20 -391.68
-553.76 965.25 -83.20
262.12 -678.81 89.05
-869.92 -74.94 865.66 399.01 -482.43 -839.48
15
907.18 -903.42 174.33
-656.18 -554.12 -757.93
-130.99 -400.01 -214.04
-27.29 -249.03 -2.32
539.47 -996.01 -88.63
-603.50 -278.38 81.06
-78.85 399.93 894.72
-867.67 -125.83 224.50
-548.62 -434.50 786.50
950.86 726.87 965.96
421.67 70.79 957.87
-701.46 582.89 -116.32
748.75 -226.46 105.30
-550.28 538.99 806.47
948.78 -644.92 179.53
777.59 -980.06 -191.08 732.42 -199.31 -921.23
15
667.52 165.90 184.09
461.77 881.66 -743.05
-405.17 983.88 273.60
742.80 511.15 -242.69
725.91 -401.97 -709.78
535.85 -381.07 -126.68
-532.40 -706.00 923.36
-882.84 818.10 50.47
-24.48 -982.23 -975.06
-578.35 -20.04 512.61
-73.99 -490.67 -305.29
142.42 -504.54 556.08
-885.04 290.41 -826.88
-112.80 961.96 492.39
541.80 -8.76 946.82

10
-510.90 945.93 400.57 -279.61 11.10 344.13
15
234.23 155.54 791.95
856.52 708.84 -629.55
-15.68 -900.72 308.60
243.00 -683.39 -822.03
823.35 762.31 -667.63
-47.43 -316.98 -492.62
231.26 -330.96 817.69
-781.53 951.03 -778.30
523.67 -763.25 105.38
6.81 750.28 -230.04
764.20 887.60 812.23
173.47 643.68 297.05
908.56 -439.96 -626.35
-387.32 -135.96 333.87
98.17 336.98 544.14
-476.86 -862.83 -553.53 310.91 815.92 -495.07
15
-739.56 154.93 -225.84
-136.73 634.23 -359.26
-828.10 -859.15 -627.61
-281.14 758.13 229.41
668.66 581.01 476.71
-328.25 47.14 75.73
329.03 426.91 252.94
845.12 873.22 -120.41
-951.65 352.90 -496.03
257.37 670.97 871.44
-264.08 57.43 368.96
578.19 -787.77 588.41
-344.39 785.04 331.53
979.44 -292.79 136.44
-227.77 199.91 -38.01
-631.38 100.84 -874.25 487.06 178.88 9.21
15
698.48 -306.56 33.23
-464.49 705.67 -735.70
995.46 -650.48 -687.60
-655.97 535.49 -486.51
101.74 -176.34 -477.72
-218.67 -940.37 -333.67
159.39 -591.04 878.21
360.43 31.05 -764.74
-42.77 664.89 -84.79
329.38 -937.78 -37.54
-886.63 -883.06 947.26
855.23 752.77 257.80
-153.22 385.17 -398.57
-207.60 -510.74 -688.95
986.42 709.44 -766.89
-795.66 671.81 224.46 -316.55 -52.36 -168.96
15
359.94 -922.31 -325.70
885.79 813.79 491.03
768.58 -698.94 985.16
885.49 -437.70 -412.49
-742.51 864.56 -534.88
-144.73 623.21 911.16
-177.13 916.40 952.62
-858.69 -490.77 -864.76
564.72 607.02 678.65
-580.24 -572.23 -460.55
-798.71 832.95 -400.04
-937.16 510.81 585.67
-441.47 -546.08 36.56
750.55 881.10 -496.28
782.00 -458.85 214.96
895.89 868.02 -316.68 -412.78 54.37 652.16
15
-130.15 -347.89 -944.62
-930.80 872.67 -760.16
209.43 -617.57 388.60
-723.88 356.33 -317.10
-521.22 -847.78 885.08
-721.03 507.51 61.82
-794.26 -152.95 545.27
479.40 -574.56 -320.51
632.72 -479.15 -220.38
-995.20 909.95 777.70
-978.92 -340.47 -543.13
-381.16 -641.06 264.42
222.25 -160.59 485.78
-549.48 87.36 -314.35
-185.45 35.05 344.95
126.70 -731.25 -795.80 754.15 661.60 -417.58
15
950.28 790.31 961.95
-395.65 -593.56 -349.20
284.03 596.53 -847.28
-250.70 702.04 817.79
-960.12 -470.20 791.73
-988.63 709.83 -591.97
-948.30 -990.74 293.87
659.64 -591.41 -539.76
827.13 -198.11 -666.15
708.20 -929.45 -414.95
750.64 84.51 733.96
-664.61 804.99 -133.80
243.64 928.17 996.30
446.60 -898.50 890.36
211.28 455.77 -742.64
-984.56 -818.91 -603.55 19.03 -805.23 -571.15
15
153.42 -256.40 -827.28
165.77 -303.15 113.45
39.93 -82.73 -172.41
-10.59 -59.49 -919.79
365.38 816.48 140.64
-939.73 990.79 -684.98
39.29 -459.30 390.68
396.98 530.92 -130.33
-7.97 940.26 572.27
441.17 -565.84 732.45
500.03 -23.01 117.99
728.47 -85.56 106.07
183.30 -604.90 647.88
-545.15 705.62 933.64
-646.11 -895.54 353.87
-820.58 -619.64 -161.10 489.94 199.01 361.57
15
195.68 583.21 -823.76
-184.23 955.34 700.23
-540.45 -658.94 13.91
-804.66 715.02 552.97
-482.78 848.41 -67.99
178.64 -779.31 806.77
-208.36 -989.17 510.22
480.83 382.44 303.59
-780.83 -683.19 -637.07
661.26 637.60 651.90
-928.22 -555.25 -902.04
313.98 735.00 432.79
-115.39 215.92 -42.24
291.72 853.21 -192.37
276.46 -717.71 -124.32
616.71 -415.77 -184.45 -805.95 809.23 -609.46
15
163.20 738.90 -228.71
-888.77 952.40 -700.82
-248.18 -275.29 -326.71
-131.31 848.54 -448.14
-912.13 174.32 -889.47
-287.62 -542.40 81.42
-71.32 556.89 61.83
14.69 851.08 -984.77
376.97 -211.16 -561.98
-677.83 -647.12 -413.34
-265.37 251.82 100.00
691.12 -301.20 -117.57
265.58 -196.39 -660.83
238.50 -74.66 538.58
-983.62 817.76 945.47
893.82 -798.34 849.16 -845.50 -223.43 -401.23
15
833.41 848.20 257.20
674.61 -661.60 190.35
-653.10 52.38 -7.67
9.97 -686.24 -975.81
460.04 -925.47 -812.53
-173.63 386.36 -946.73
796.84 -468.98 -994.73
-489.41 -383.90 -502.63
-87.38 -331.57 -956.49
-934.91 858.95 -694.95
504.69 -645.07 849.59
-112.19 -658.95 812.77
-30.76 501.53 63.54
-230.12 459.91 69.54
-328.27 -943.33 518.74

